2026760
2561931
1206742
1978231
412689
265293
1736388
1736272
1761875
2607833
172733
1963032
2562316
2013777
40518
412689
2026735
702115
172733
1978231
1879010
294
883126
2709303
2683339
2607834
2094191
2026763
665099
1913989
1164594
2026742
1977087
1881046
1869313
1977087
1340531
1524097
2448054
1449063
1977087
2212470
2728020
1147123
172733
1387779
2590999
2291991
1898204
707003
1500894
1220562
1946837
1955422
1243662
1969111
2725995
1898204
1736455
1953255
2026760
1297617
53407
1262992
1042209
1144325
1349776
2499688
2653152
2026724
1737354
1122924
1122924
1397
53356
2607791
2026760
1978231
1977087
166587
1952283
1945593
1458985
2135472
153809
684063
2013741
2026760
1485217
1978231
876091
1852894
39482
1953004
2079199
1953229
630520
1337054
1501230
1977087
373040
2660712
1631345
294
2026724
1870819
115979
1111733
2722792
1126833
1460652
1460652
2652309
2026780
1519190
2729538
1855729
1882751
1869227
2562315
1294268
1639034
1946838
2562153
34034
2448780
361586
1736411
172733
2320864
489825
1380763
568701
1619311
2026760
1797566
1635280
1891241
541003
1950219
1232439
1549812
707003
2026735
2026780
2026760
1953056
165186
153809
1953247
1881045
172733
2013577
1839709
945844
1882437
2013855
1232453
1743142
1047052
253830
225915
2508296
1978120
152480
1349780
2697035
2697035
394230
1218075
1505
1904967
1641858
458836
2015580
488732
2608336
2026742
54914
1602942
2547393
1511
66347
392320
2013734
2478479
2571746
1736552
1777136
1324617
266265
322596
2574798
2574798
1236975
1904757
2607911
402777
1898204
1138189
1975524
1777141
1399969
2666075
999386
263475
1141883
1302151
2161966
95486
1050638
2686091
2023741
765414
765414
627669
627669
77133
2608334
221359
1450
2003592
1736403
242161
614649
166318
1451
28095
1891241
2011011
60549
2020949
488729
1962908
656178
208544
297318
297318
2676293
405946
1325360
1950778
2569540
1883445
1121127
2291023
2126352
2126352
2508292
2066022
36841
2599607
2512169
2057004
2004408
2004408
857293
2052143
1920425
75105
2603818
60549
557555
1118054
1118054
60547
145854
1449978
2502223
93219
2052143
2562668
1971216
2508298
482957
1393
1393
1121315
2003592
2003592
2026724
1968775
326476
1938751
1938751
2044275
37921
1325358
1849103
200254
2576439
2305225
1777142
93220
983594
2026724
1964383
1176492
1401
2066524
2013733
482957
2698758
1349782
2030927
2161943
196367
2053527
2705548
1736517
1157490
1100724
1242148
1515439
488730
2184547
292
2596911
1777138
2508287
1249668
2303330
673318
208544
1977910
2571161
1442555
86027
2592048
179879
656179
2020859
1571185
1891238
2026724
2026724
1220556
2699745
1506587
1506587
2026760
573061
1499968
1400866
1232866
1503055
1108140
2268087
93221
196367
2508289
2049431
640512
1218078
1120679
1705561
1108969
2026742
650093
60550
1766203
2725555
1548
45462
45462
1218115
1294267
1294267
2211212
1736287
2728839
2728839
2116686
2495421
1442554
2508295
528191
95485
54913
1734399
1435466
416944
221352
2026741
134537
1903704
194923
1226301
1938804
1274356
326474
948106
930132
2582849
2602712
166587
1393
1393
28031
1280380
488732
326475
166314
2026742
484184
1962908
2490856
2490856
196367
1121266
1503054
28094
1891241
1777137
368493
93222
54915
391038
488446
2184573
1121353
2508290
1479511
1346613
2292265
941824
1882437
179879
2283092
1891094
2575510
1795043
1386941
1462993
1034347
1926495
2017483
2017483
95486
1720296
1038869
1777144
2184574
2161962
2675747
1274
134537
2728837
2728837
166587
208544
1603353
1869212
667581
1891238
2126350
2126350
1236974
2654983
2419777
1009846
497735
1323370
2508294
2026729
1544730
1947835
1104777
1104777
2653131
60550
2026724
764842
571913
1985169
76114
1138189
339670
2026724
2599937
2676290
2570228
2570228
86027
2717319
292
480071
1459
2053527
86668
1536770
1536770
1334628
1334628
2282883
2675748
1707093
1794912
1904861
198822
2026199
1660198
2026089
693977
1408254
2583377
373681
1532905
1532905
1123226
248903
1571773
1424294
1882750
2161954
1777139
2728853
29344
1777134
93218
2026760
2161965
2748863
2026724
2663533
2663533
1218080
1938796
2026742
2562669
1920424
1189126
242163
862114
1069530
1069530
1870820
1400864
1634444
51101
1451
1218076
1090379
1218074
2489213
2026760
2026760
640511
758793
758793
2126993
1797193
759412
420953
2483811
1399968
1399968
92647
1461580
488446
1777140
44252
516466
1777143
1986677
1969805
1349779
2572881
1537710
582692
1777135
60549
2587047
2587047
2009322
227865
2041023
2041023
54911
1947600
1707785
1144308
1144308
2562670
2026724
2026760
2508286
664784
169430
1207504
2024555
1333860
557557
2026176
2738980
2738980
1157944
2735433
1306852
1306852
1794944
2026760
1882795
2728023
2728023
482957
1247936
1848190
219649
86027
152500
1871071
1986993
2735434
2735434
930152
1100711
1490290
2184554
714067
1898204
1090471
1090471
1464070
2009338
59931
1395587
1962908
2728848
1100726
573737
1437324
445709
2026199
32051
486398
939844
1777133
2758726
1245923
198119
59620
157838
1761874
1349777
2508291
1544861
2508297
1637853
2508301
2107698
1777132
871203
2053517
745369
2054903
1761016
2565558
2717316
1641860
166309
2044939
2676311
166587
1100721
2026742
2052143
1912599
1442556
908627
2546351
2511130
37927
1400865
195045
2211104
1121264
2732511
2049431
2720471
2026724
2545621
1090375
1476996
32062
648716
1701573
396598
1257080
241244
1100725
1953003
2161956
1881033
621372
484184
398527
166587
2320085
1500263
1729688
173959
44251
1884380
36849
1356854
1866938
159450
54915
110662
869555
528191
420952
1938809
456490
456490
456490
2508871
670482
358681
358681
2546446
1879010
1451
1100720
60549
2676300
2716538
2508288
2565926
2653133
2609562
1921144
915437
2508299
134537
2508302
400777
36842
311230
2571747
1458357
2698759
1816681
1816681
1353886
743718
944436
743719
380675
1561196
1071679
667676
1536775
1536775
1417629
1417629
1074049
2015353
403957
403957
1333534
1158291
41899
1245436
2670334
1986782
1938802
1938802
2060666
1507512
562959
562959
64471
2024872
2676296
54910
86027
1448271
471514
471514
1122184
1597956
103690
153809
2607805
2029589
2742709
321332
2480214
129961
1869227
268115
2720434
2480212
1729650
1255374
2049454
102127
2026742
1183438
1641165
2294035
2026742
195045
1165094
2720406
756067
2026742
2026742
1617448
1173022
1981173
1917166
1917166
2480853
1173025
1153
1936017
1211
1932667
1666905
2607811
98439
1296344
1925591
2282167
47253
1973485
2720458
1781255
1953231
1615909
2052146
2487337
2026742
1705388
2480215
2026760
1337936
1173028
306281
111780
2107693
375899
2607784
1173020
1805292
2005457
2720421
1348334
2064643
2040638
282423
1681830
2099687
2044595
2737172
1898207
533247
1487953
2742710
1978231
2055782
1926878
2026780
2304196
1617423
1947904
1173023
2026742
755178
2026760
1947876
2026742
2026742
2666332
2720414
2768923
1479485
2720459
671072
1164990
1164990
1164990
1164990
1151
2026742
1980935
2055794
1752064
395961
2740535
2107694
1173024
2683724
2576904
118675
2099387
2552982
2053527
2720430
2099690
1153
2583530
1643526
1173027
1666911
1131
47254
1173264
2055770
2043171
1936017
251229
2202734
2720422
1080068
385972
2607767
2720411
2026742
2607769
454136
1844469
292563
1932621
1594576
2054282
1128427
2480854
2026735
1954171
2026742
2720463
2720454
1151
195253
2282169
927668
1497020
417106
2026742
2720464
2026742
1869241
1805174
111611
1920490
1433147
2565624
2026742
2026760
1934309
2026742
2607772
2026760
2768924
1173029
685565
1151
2720469
203124
118168
582515
945775
2720435
2026742
2480216
2607783
2607808
2107700
247279
1940762
2653674
2005456
2518363
166587
1552121
1978231
1211
2026760
28072
2026760
2107701
2720165
2005460
2026742
452435
91464
1916146
1574475
2026741
2107706
102125
1751286
2026760
56110
1973478
1954172
1811979
1151
927669
2607816
179408
2026742
2026742
1919129
2026760
926560
1159
2546230
2563858
1173263
153809
1233231
2108055
1211
1211
372781
1805202
1880991
2607817
221288
1805291
2055757
2026742
2026780
2720405
2026742
1922337
1809277
2026742
2447902
2720448
313612
1167
2026742
2448054
439482
1157
1458930
2720467
2720467
231146
2773167
102232
2026799
2026742
2714958
1151
927677
2720419
2722753
1173026
118173
2026742
2420338
1807358
251221
671071
2613755
2026760
195250
2720416
2107692
1211
128403
1334624
1973483
1637645
2211139
1045773
1986618
59846
1502751
1158050
2691084
1538158
2052166
1707096
979226
37931
2768412
2079532
1220558
1303677
1303677
1122927
458253
1946750
2582848
1472719
1472719
1950859
1138170
1535245
1671795
2052143
2768449
2024896
2024896
1883427
1324586
1883427
1761880
1761880
1178515
398512
398512
1357915
2720443
1473112
2058898
1172614
396
1338436
2035450
2768455
758823
930171
2567944
494023
1138194
2020486
1898204
754762
2496267
1891241
156980
2509720
2603222
2603222
1665
1619898
1898204
1662190
2035451
2035448
1852522
347834
2735881
1940691
159733
1078505
1913989
284036
1804986
1967781
2340915
1955698
2305984
1588023
758823
152507
2769422
1883427
1538159
2003592
1764274
2026724
2020377
2653857
1531955
2024894
2697569
758823
1736395
2740537
661089
661089
1570137
1884377
2654974
2162174
85085
1891241
2100754
1898204
2510797
1854571
2761120
758823
1904863
1138170
624147
2654976
574561
2320851
2613756
1703969
1674942
2183924
2020312
1077972
1869227
387
2162496
1220568
1947883
1120958
159733
77133
1619947
77133
77133
2052143
1930763
1094894
2049431
2049431
74545
159733
2162163
717606
2496273
1123389
2483360
2162528
2162155
2162096
913107
59926
77133
159733
2026781
2162535
1752193
1898207
1816691
1891241
2054177
1898207
2026780
1123391
1582223
1228987
77133
1765683
1765683
2030806
2053527
1449080
1656889
1121289
1978774
2162124
268407
450362
1268072
2026724
1338368
532059
65093
1961092
2052143
1566358
1879010
2026724
1883427
1943582
2162327
2162101
1122925
1259795
172733
2744309
253830
1219
2162335
2689575
2689575
2654513
2654513
2654513
159733
2419778
2419778
2419778
2162158
1833852
93060
2162514
2026724
159733
1471493
1883427
1891238
1883427
2689577
2162504
2052143
1926289
657409
2052143
1961090
173053
2282477
159733
554632
2081970
2081970
1737426
2714941
1333845
307580
2307007
1293589
153730
1841862
2219813
1883427
159733
159733
159733
1898207
2162060
2026760
269084
2162480
2162108
1499500
1891241
1123388
2026742
2720420
2720420
2162316
2714954
1122918
2162107
1759557
1123390
159733
1619309
1471473
2053527
482827
2052166
2162104
253830
1379698
1870990
1961091
2044939
458253
1898205
2162097
1219
1219
2162293
1952716
159733
2162513
2052143
159733
1695218
1961099
2162493
77133
2026724
2495582
2495582
159733
159733
2162146
1765683
1765683
458253
167548
1850366
2026724
504728
644966
2704462
159733
2073117
2024896
1879010
2162520
2026724
604331
2162532
2026763
509191
74546
2162336
56428
2162075
2461362
159733
2024869
2162074
1304865
1883427
274
2674991
2162172
2162237
2053517
86027
1898207
1973915
2162059
2162182
77133
1966340
2653678
1665021
2052166
2026724
2480217
2162072
2162298
2026724
89784
2026724
159733
1898204
159733
1879010
159733
2161976
1705565
1705565
375489
2026724
2162282
2093808
687436
2162473
2660712
1951422
2162061
869210
1879010
1883427
2162261
55509
679936
2162065
1961096
1891241
210768
1289167
1522315
93057
2026724
2026724
2560027
1121346
2052166
157907
2162109
1883427
46353
159733
574649
2162331
2604859
1219
2202144
1883427
456163
1952707
2026724
1471522
1333861
1869227
368812
2448806
2509362
1304880
2026780
867903
167551
1961101
1236976
1236976
1236976
1330700
2162193
2162134
2162508
2052143
2053527
2512154
2512154
153730
2164130
2162152
2162509
167546
742054
300852
1471469
1121347
1121347
1891241
1946282
2162066
2026780
2162314
2162506
2026184
309798
873128
884155
2093808
159733
2163172
2704463
159733
169760
2315694
2073117
1986223
1986223
1950194
1471481
334735
2052143
86027
246194
2044939
554632
1665021
392015
2162168
2552983
2162112
2683720
1122221
2052143
86027
716544
2026724
2162471
1122222
86027
1961088
159733
1950276
1869227
2162507
2162068
1502753
77133
1883427
1891238
2026724
159733
2026763
2026724
2052143
1916322
1898207
2162165
2052143
2026724
253830
189426
189426
159733
159733
2026724
1111479
1947884
321327
1471459
276
86027
2162246
2116544
277
1123405
588083
1449357
2212470
1881032
1881032
1948100
1471472
1951412
159733
77133
1883427
1950210
59921
2024896
2093811
1934255
1305837
1947893
1122223
159733
2044939
2026760
1947023
1947023
1947023
1797669
1690220
341722
1891241
77133
159733
2162159
1274374
399101
1883427
2770551
1736399
253830
1111069
2162201
1802787
2162502
1471509
652876
652876
1883427
2137880
170367
159733
1255277
2162465
1227551
2078690
1898204
159733
1951531
154535
2162295
2013729
159733
768710
1211
1123386
2530384
2052166
2053517
1220566
571190
1219
2162098
1882832
1961085
2162069
2073117
2690447
2162525
59925
2080302
1898205
1879010
2162171
2026724
1156355
1156355
1961094
1382305
419650
2058095
2162106
2162111
684552
1919134
2162310
2162238
1891241
2773161
271
2728912
1471456
2093808
2162290
1652958
1652958
2024882
112248
431943
2564100
2564100
2564100
2162128
2162236
2162067
1382304
1883427
2162240
1131
2162308
2026724
1950779
2026724
2026724
159733
159733
1879010
672460
1985113
1644118
2162110
453960
159733
1924287
1884382
1884382
1947886
2052143
2162167
1330458
1961084
2682849
1898205
1041938
1642570
1642570
2026760
2162280
2162091
2026724
1977087
1527293
2026760
1850362
159733
1948320
1946754
2699749
146891
1879010
56956
2026724
2162209
2026760
1501268
159733
1952734
540988
13035
159733
1695218
2162141
1577051
2732509
1948319
2052166
2026724
1712516
1712516
2598458
2598458
2598458
2025606
526227
1898207
2024894
2055762
172733
1869227
1961509
159733
1977087
2162144
2162078
